0.03485864773392677
-0.003703597467392683
-0.09099980443716049
0.06914519518613815
0.057504791766405106
0.07952406257390976
-0.02199780009686947
0.10812505334615707
0.012243404053151608
-0.006012673024088144
0.06241519749164581
-0.017308590933680534
0.11138907819986343
0.10823623090982437
0.05481096729636192
0.02830909937620163
0.03975547105073929
-0.00862998515367508
0.04849879816174507
-0.05060736835002899
0.01728062331676483
-0.03774724528193474
-0.0006644961540587246
0.054736535996198654
0.03354349359869957
-0.03631911799311638
0.06392915546894073
0.07446039468050003
0.06414125114679337
0.029065782204270363
-0.02046540379524231
0.049258291721343994
-0.04359716922044754
0.0472453348338604
-0.0049489568918943405
0.0925614982843399
0.0020956057123839855
0.10307960212230682
-0.018616678193211555
-0.029096614569425583
0.02106129378080368
-0.011314554139971733
0.019051413983106613
0.05645058676600456
0.10178250074386597
0.03644438832998276
-0.04290442913770676
-0.08106917142868042
-0.05755433440208435
0.06952797621488571
-0.0451575443148613
0.0698728933930397
0.009326424449682236
0.02129288576543331
0.050386060029268265
0.06010977923870087
-0.04659191891551018
0.006159675307571888
0.07811883836984634
-0.03947132080793381
-0.015022302977740765
-0.06215059384703636
-0.04856589064002037
-0.026192681863904
0.019769875332713127
-0.05056363344192505
0.06144784763455391
-0.04668748006224632
-0.04016812890768051
-0.03121434524655342
0.07880572974681854
-0.026049939915537834
0.04137295112013817
0.08089371770620346
-0.026441071182489395
0.024963833391666412
-0.023565536364912987
0.05379071831703186
0.07977437973022461
-0.06995879113674164
-0.013981286436319351
-0.04535805433988571
0.06823242455720901
0.05444808304309845
-0.0372757688164711
0.036985382437705994
-0.12749123573303223
-0.01157296635210514
-0.020776525139808655
-0.025176985189318657
-0.029918208718299866
-0.02520453929901123
0.04562542960047722
-0.0591595284640789
0.07785122096538544
-0.024929475039243698
0.10691013932228088
0.023533908650279045
0.10427048802375793
-0.011678856797516346
-0.07881860435009003
0.013673210516571999
0.04605258256196976
0.004970048554241657
0.05626324936747551
0.05746622383594513
-0.006671135313808918
-0.13900475203990936
0.08593670278787613
-0.025165075436234474
0.0723046138882637
0.011985347606241703
-0.018077237531542778
0.03305120766162872
0.055726904422044754
-0.054985161870718
0.029089028015732765
0.020829766988754272
0.09520240873098373
0.031225407496094704
-0.022929420694708824
0.00200256216339767
-0.003988708835095167
-0.008361170068383217
0.052275367081165314
-0.003917614929378033
0.034558698534965515
-0.024225758388638496
